-12.618	-2.80155	0.11081	0.127057	0.114976	0.131223	0.234534	0.156217	0.125182
2.41487	-9.01073	0.0515958	0.0516813	0.053136	0.0483443	0.051938	0.0675965	0.675708
1.14577	9.78238	0.099984	0.102512	0.335176	0.163007	0.0958774	0.103301	0.100142
6.81668	-10.1616	0.100983	0.126456	0.104985	0.118996	0.110626	0.122999	0.314956
-1.22112	13.4729	0.109919	0.124152	0.176264	0.195752	0.137946	0.126341	0.129626
11.2219	-3.2432	0.102811	0.29105	0.119268	0.110022	0.123151	0.116864	0.136834
9.50495	13.1654	0.114687	0.166465	0.187999	0.136221	0.12001	0.140818	0.133801
-4.03026	0.947229	0.264493	0.0954775	0.0742737	0.126118	0.270376	0.0921681	0.0770927
4.71772	-0.586232	0.15275	0.447983	0.0774227	0.0701936	0.0843373	0.068308	0.0990048
2.78726	-17.5067	0.113714	0.140563	0.131614	0.131614	0.130561	0.169518	0.182416
5.32999	-2.86766	0.119918	0.29883	0.0822777	0.0819158	0.0904815	0.0814332	0.245144
-8.63817	-1.62527	0.0412485	0.0409534	0.0418388	0.0430932	0.738194	0.0548997	0.0397727
12.0369	7.5301	0.122763	0.169422	0.175311	0.139751	0.133862	0.130464	0.128426
-13.1622	3.69108	0.11195	0.13705	0.122168	0.159707	0.207686	0.139716	0.121724
-15.8382	-4.30628	0.112784	0.141165	0.119694	0.146101	0.191017	0.156959	0.13228
-1.11836	15.9343	0.118189	0.137845	0.167206	0.176412	0.137099	0.124409	0.13884
10.2075	2.68054	0.0813376	0.421729	0.117406	0.0912676	0.094334	0.0962327	0.0976927
-3.8616	0.256542	0.302065	0.0970717	0.074437	0.101505	0.255513	0.0953215	0.0740869
-12.5705	-3.25571	0.1196	0.125559	0.120238	0.131305	0.227708	0.147691	0.127899
-15.0106	3.25397	0.11819	0.142954	0.135074	0.155561	0.182575	0.143179	0.122467
3.46101	1.75795	0.318762	0.175975	0.158018	0.0818577	0.0931269	0.0849535	0.0873066
3.71239	15.3184	0.118903	0.147052	0.179568	0.149236	0.136132	0.143169	0.12594
9.50287	13.925	0.111874	0.15103	0.181541	0.155352	0.133486	0.137046	0.129672
1.5235	-6.93707	0.0538007	0.0488817	0.0474214	0.0500346	0.0444239	0.0815463	0.673891
3.61151	6.42415	0.0439811	0.050561	0.74671	0.0442582	0.0371936	0.0416955	0.0356005
9.95169	7.05493	0.11833	0.178411	0.211202	0.133605	0.115886	0.121792	0.120774
7.50029	3.62066	0.0898934	0.374048	0.194896	0.0841798	0.0882427	0.0916709	0.0770696
6.19066	-4.18095	0.100551	0.193125	0.081896	0.0863545	0.0814267	0.0824826	0.374164
-12.854	-12.6999	0.112398	0.13214	0.142406	0.133983	0.166096	0.179521	0.133456
2.88725	-13.8676	0.122328	0.13347	0.133925	0.12915	0.128922	0.157799	0.194407
8.3283	8.26862	0.103304	0.141794	0.288853	0.119099	0.118736	0.11329	0.114924
-6.77275	-12.7988	0.119248	0.125221	0.130752	0.123672	0.15	0.209735	0.141372
-9.66129	-11.6133	0.117605	0.118313	0.136931	0.126326	0.153429	0.198916	0.14848
-5.34189	7.00217	0.0389013	0.0374631	0.0404832	0.750701	0.0509815	0.0399079	0.0415618
-4.7074	8.04647	0.0376337	0.0398006	0.0434123	0.756501	0.0425455	0.040234	0.0398729
-11.1795	13.6073	0.109448	0.119773	0.147135	0.187919	0.16572	0.134486	0.135519
-10.1956	-10.5179	0.112083	0.124187	0.140103	0.136292	0.160054	0.181125	0.146156
17.465	-2.79421	0.117541	0.183932	0.146474	0.134591	0.13924	0.120641	0.157582
6.64871	9.18982	0.0809538	0.103621	0.441124	0.0969975	0.0875773	0.0943481	0.0953781
-0.965011	4.26627	0.229396	0.0822927	0.131369	0.287462	0.086039	0.0789211	0.10452
17.6041	-0.318472	0.105804	0.183873	0.154083	0.129173	0.138932	0.127889	0.160246
0.450836	13.9444	0.11845	0.137707	0.181594	0.182714	0.130766	0.123824	0.124944
17.3539	-3.27326	0.104372	0.175137	0.152459	0.125956	0.142896	0.144262	0.154918
-11.5854	11.1393	0.112147	0.129325	0.142577	0.178405	0.162699	0.133742	0.141104
-2.69036	-14.0832	0.119303	0.128463	0.132931	0.126229	0.142091	0.191019	0.159964
-3.11188	11.4349	0.100226	0.111907	0.140166	0.289751	0.120573	0.112095	0.125283
0.732073	5.90149	0.116424	0.0701932	0.420029	0.163898	0.0713235	0.0838702	0.0742624
14.533	8.99482	0.117365	0.16002	0.168854	0.136042	0.150177	0.129985	0.137557
12.8645	-4.6792	0.115246	0.203879	0.140054	0.122012	0.138476	0.122914	0.15742
1.45928	17.2501	0.118142	0.137535	0.173514	0.163817	0.131921	0.135239	0.139832
-0.955252	-2.96578	0.504816	0.0609348	0.0745209	0.0585016	0.0765488	0.136571	0.088107
1.53026	9.82364	0.0964568	0.0975166	0.362962	0.150364	0.0928224	0.0961537	0.103725
6.91894	-6.41129	0.060982	0.0897531	0.0656728	0.0647348	0.0595227	0.0697381	0.589597
16.7776	-2.39522	0.11892	0.175197	0.148969	0.131907	0.133435	0.127578	0.163993
14.4625	-1.19448	0.112503	0.209064	0.138465	0.124801	0.139376	0.122751	0.15304
-0.238134	-11.8357	0.123519	0.128138	0.121109	0.122113	0.113677	0.198634	0.19281
-6.07424	0.979704	0.06718	0.0455446	0.0393106	0.0617528	0.698863	0.047158	0.0401907
-12.5416	5.28702	0.117011	0.133333	0.125057	0.165287	0.195172	0.133793	0.130345
0.693569	1.758	0.715275	0.0467006	0.0635863	0.0520701	0.0414724	0.0440865	0.0368094
-5.47136	17.1243	0.122373	0.137005	0.148178	0.182495	0.147114	0.130088	0.132748
-12.9258	-9.90243	0.118312	0.126853	0.148455	0.133635	0.167043	0.167797	0.137905
-8.36698	-2.04101	0.0479541	0.042218	0.042218	0.041912	0.723595	0.0614149	0.0406883
10.387	11.8191	0.115078	0.161158	0.188179	0.147889	0.122799	0.132931	0.131966
-5.75327	6.07662	0.0421313	0.0427299	0.0457981	0.728878	0.0600165	0.0407842	0.0396618
8.38363	3.60945	0.0854654	0.393302	0.160482	0.0889484	0.0921633	0.0922974	0.087341
11.4003	7.6121	0.122407	0.169364	0.188284	0.129246	0.132893	0.127422	0.130385
16.1491	-0.283327	0.10972	0.193176	0.146294	0.127884	0.135739	0.125184	0.162003
-9.24537	13.9968	0.114328	0.129556	0.139541	0.190464	0.158263	0.137044	0.130804
5.25757	-10.9087	0.098293	0.120755	0.102426	0.119497	0.105301	0.123989	0.329739
-10.0652	10.7375	0.108058	0.132533	0.145694	0.191873	0.160471	0.126299	0.135073
-1.12633	16.9229	0.116698	0.139984	0.170151	0.166975	0.143953	0.126488	0.13575
-1.12804	1.22719	0.732351	0.0402105	0.0420351	0.0575439	0.0479298	0.0381052	0.0418246
4.3982	8.04028	0.0405161	0.0417482	0.756179	0.0416032	0.0394288	0.0405885	0.0399362
-3.83241	-7.61918	0.0421588	0.0374195	0.0394002	0.0384098	0.0417344	0.751291	0.0495862
8.55255	-1.61271	0.0423976	0.736583	0.0444875	0.0420243	0.0406061	0.0384414	0.0554602
0.585841	1.05649	0.738791	0.0460598	0.0512228	0.0445652	0.0368886	0.0434103	0.0390625
4.33191	-14.0212	0.124274	0.143786	0.125668	0.132869	0.121719	0.163298	0.188386
-2.62579	5.28872	0.0676872	0.0380877	0.0491149	0.70814	0.0500581	0.0375798	0.0493326
1.83558	1.6879	0.674046	0.0628911	0.0803348	0.0449781	0.0416928	0.0478723	0.0481852
7.86829	14.4411	0.116893	0.145253	0.192848	0.148952	0.132922	0.133909	0.129223
15.7726	-5.53606	0.118061	0.179101	0.146697	0.124592	0.142678	0.129616	0.159257
-10.6147	-4.80079	0.109156	0.131699	0.12102	0.117461	0.229385	0.169666	0.121614
-9.7605	10.2817	0.118994	0.118767	0.143699	0.206709	0.154805	0.12466	0.132366
-12.1422	-8.82285	0.120426	0.132299	0.13763	0.138842	0.162346	0.167434	0.141023
-16.7731	-1.90398	0.113046	0.136261	0.131718	0.146858	0.188494	0.156952	0.126672
1.55167	15.005	0.114139	0.144188	0.182856	0.160028	0.1372	0.134405	0.127184
6.61671	9.13288	0.0787482	0.102032	0.442681	0.104108	0.0940233	0.092392	0.0860152
3.4605	-2.55197	0.25163	0.160105	0.0897692	0.0885156	0.0862587	0.0901454	0.233576
16.4788	-5.39835	0.119678	0.178089	0.129543	0.130581	0.150311	0.138629	0.153167
15.2128	6.80689	0.11506	0.168738	0.168489	0.130219	0.145626	0.124503	0.147366
11.8575	-9.78753	0.112605	0.156543	0.127011	0.151741	0.129172	0.147899	0.17503
11.6159	9.36545	0.110792	0.160325	0.194305	0.143096	0.130175	0.127303	0.134003
5.59542	-9.29298	0.0611122	0.0720027	0.0559314	0.0595263	0.0628042	0.0684079	0.620215
-7.11261	15.398	0.112105	0.132737	0.161074	0.185185	0.150634	0.117823	0.140442
8.11917	8.51026	0.101101	0.137751	0.307095	0.11753	0.107962	0.120419	0.108142
16.5082	5.0826	0.117085	0.175498	0.161799	0.122512	0.148359	0.129491	0.145257
1.04563	-1.25055	0.735218	0.0488195	0.0383035	0.0406713	0.0393482	0.0406713	0.0569677
2.45795	-9.51015	0.0678365	0.0653618	0.0700868	0.0668244	0.0718866	0.0941612	0.563843
0.214402	1.7178	0.730681	0.0434027	0.0552271	0.0501496	0.041316	0.0427071	0.0365167
-5.97093	-3.5522	0.101049	0.0926082	0.0838055	0.0869409	0.248402	0.300494	0.0866996
-13.3575	-0.753837	0.107806	0.129114	0.114557	0.147257	0.242405	0.135865	0.122996
4.6317	5.60922	0.0452756	0.0539229	0.738189	0.0437992	0.0364173	0.043518	0.038878
1.57212	-5.85184	0.0744436	0.0497347	0.0467253	0.0548824	0.0493387	0.0792746	0.645601
3.37725	-1.53996	0.353272	0.170887	0.0880732	0.0833026	0.0895414	0.0736392	0.141284
11.2329	12.0011	0.117588	0.161999	0.172344	0.158718	0.125158	0.13727	0.126924
1.30556	1.37959	0.720045	0.0519243	0.0623373	0.0430592	0.0386266	0.0420742	0.0419334
-4.72643	-14.6549	0.115684	0.135168	0.141013	0.128592	0.142474	0.179737	0.157331
5.21464	1.4202	0.109226	0.538346	0.0991936	0.0603788	0.0712545	0.0557845	0.0658166
-9.53053	-11.8957	0.117429	0.126907	0.145169	0.121128	0.160425	0.19117	0.137772
15.9068	-3.66785	0.113431	0.180332	0.15669	0.126509	0.142354	0.129276	0.151408
4.21394	16.0438	0.117231	0.13997	0.188984	0.146539	0.134917	0.139717	0.132643
-7.50074	-5.90315	0.0868113	0.0957152	0.0930719	0.0856983	0.150946	0.395938	0.0918195
-13.2252	0.356831	0.11032	0.132929	0.11367	0.141093	0.250157	0.13879	0.113042
6.94547	-7.39646	0.0614153	0.0947932	0.0687581	0.0659767	0.0738762	0.0706499	0.564531
2.37763	3.83324	0.1882	0.0926168	0.404636	0.0907494	0.0703141	0.0870138	0.0664688
16.3096	-2.23786	0.114258	0.17508	0.146516	0.125585	0.146516	0.132972	0.159074
-12.0833	10.5723	0.114931	0.124509	0.149558	0.180255	0.166994	0.130403	0.13335
-6.32595	6.33141	0.0454619	0.043914	0.0477432	0.699283	0.0681114	0.0484765	0.0470099
-4.39643	-8.31921	0.0389054	0.0404586	0.0398669	0.0403106	0.0440088	0.75355	0.0428994
8.28641	7.10373	0.0950435	0.151592	0.311191	0.109692	0.110373	0.110203	0.111906
6.65158	-12.8064	0.125732	0.140829	0.127986	0.139252	0.115142	0.14466	0.206399
10.6672	5.19216	0.115927	0.212022	0.176038	0.118381	0.131262	0.12431	0.122061
-5.25526	10.1608	0.0808097	0.0926799	0.104702	0.441029	0.0990718	0.0922235	0.0894842
11.8629	2.12383	0.0959189	0.307504	0.129396	0.112093	0.119616	0.110589	0.124882
-9.16993	4.89353	0.105435	0.116064	0.118807	0.19904	0.233842	0.115378	0.111435
1.50188	9.10371	0.0788106	0.0805452	0.46233	0.12404	0.0826516	0.085254	0.0863692
-9.61576	10.4887	0.121069	0.128931	0.138365	0.202156	0.154537	0.119721	0.13522
5.85761	10.2009	0.0927904	0.113485	0.388184	0.111482	0.0931242	0.10998	0.0909547
-2.61835	-14.7615	0.119014	0.12826	0.131342	0.128023	0.154576	0.175439	0.163348
-3.40325	7.05249	0.0405564	0.0369758	0.0477863	0.755285	0.0437237	0.0351167	0.0405564
-4.9256	-2.14743	0.145169	0.0916665	0.085145	0.0786232	0.344324	0.176932	0.0781401
5.01355	-6.64483	0.0383932	0.0520441	0.036118	0.0400995	0.0370423	0.0429434	0.753359
0.531831	14.7602	0.124971	0.125439	0.168032	0.168968	0.135034	0.13948	0.138076
5.93562	-14.9486	0.111832	0.148028	0.123814	0.139291	0.124813	0.161258	0.190964
5.64722	1.93906	0.0906243	0.571838	0.106191	0.0567186	0.0677222	0.0551083	0.0517982
-5.74367	-10.8316	0.105065	0.106502	0.116559	0.100216	0.126078	0.306394	0.139188
-6.44476	12.539	0.126495	0.118077	0.137794	0.222419	0.136021	0.122729	0.136464
2.25714	8.8605	0.0487532	0.044454	0.695873	0.0723993	0.0470335	0.0469475	0.0445399
-2.11652	-2.71733	0.395881	0.0676201	0.0914188	0.0711671	0.0955376	0.191762	0.0866132
6.80019	1.43605	0.0541847	0.713636	0.0638528	0.0368687	0.0453824	0.0394661	0.0466089
-16.1271	-6.99231	0.114973	0.132353	0.135027	0.143048	0.171658	0.162299	0.140642
-2.90759	-6.95899	0.0445569	0.0360335	0.0415771	0.0389439	0.0438639	0.740766	0.0542582
2.20542	6.65503	0.0517526	0.0436528	0.721669	0.0626478	0.0374166	0.0442262	0.0386353
-7.64327	-8.45715	0.0938079	0.0983634	0.103763	0.102581	0.126877	0.370845	0.103763
9.54273	-10.3331	0.122376	0.152747	0.126619	0.127512	0.11925	0.146047	0.205449
2.29427	1.67424	0.621624	0.0781102	0.0943153	0.0517877	0.0493012	0.0537598	0.0511018
-3.00597	-16.8939	0.111428	0.134491	0.135009	0.130345	0.135527	0.180876	0.172324
-6.47433	-14.5752	0.114504	0.124682	0.13486	0.118321	0.149873	0.196947	0.160814
13.4287	-8.06447	0.118706	0.177329	0.140355	0.13695	0.127463	0.131598	0.167599
-9.51388	-11.4909	0.116047	0.131163	0.126977	0.129302	0.161163	0.192558	0.142791
2.18405	-17.5172	0.123709	0.13404	0.132137	0.143284	0.123981	0.169386	0.173464
-4.40638	5.81601	0.0458242	0.0355703	0.043632	0.742027	0.052613	0.0347217	0.0456121
3.00497	-17.3286	0.127441	0.1438	0.121372	0.134829	0.124011	0.171504	0.177045
12.8184	2.88327	0.114139	0.222484	0.15619	0.123364	0.138597	0.114568	0.130659
8.13479	9.74742	0.10896	0.145879	0.261225	0.126122	0.116943	0.121333	0.119537
-12.4128	-4.65467	0.126833	0.131795	0.119068	0.135462	0.207075	0.156601	0.123167
-4.50044	-12.952	0.113294	0.121371	0.129884	0.120716	0.14582	0.220476	0.148439
-12.2503	-9.45755	0.11307	0.125764	0.138693	0.137283	0.169017	0.183827	0.132346
4.22459	8.38161	0.0373873	0.0438384	0.75383	0.0441316	0.0413459	0.0387801	0.0406862
2.53972	11.1118	0.105776	0.116787	0.288087	0.145668	0.111552	0.119495	0.112635
2.72044	14.1327	0.107689	0.140087	0.190965	0.155145	0.125941	0.138033	0.14214
-7.40377	-14.3195	0.110947	0.133825	0.142189	0.125215	0.149323	0.188684	0.149816
1.66989	-14.5954	0.119297	0.135493	0.14302	0.141423	0.123403	0.159215	0.178148
16.027	-1.13018	0.111975	0.187515	0.151081	0.118776	0.144037	0.133835	0.152781
0.931477	-6.44362	0.0895049	0.0642746	0.0613011	0.0705103	0.0585186	0.129317	0.526574
15.5385	-9.22773	0.112878	0.175443	0.134515	0.126955	0.13634	0.142075	0.171794
11.7632	4.42035	0.119208	0.221356	0.160067	0.123842	0.132687	0.121104	0.121735
12.2837	-7.77277	0.112145	0.173569	0.126105	0.139134	0.130759	0.128665	0.189623
-16.0959	-0.862485	0.117411	0.143251	0.126192	0.152283	0.17988	0.156799	0.124185
10.2607	-11.6903	0.112949	0.167769	0.119802	0.148393	0.123819	0.140832	0.186437
-13.3319	3.45086	0.113733	0.14183	0.123399	0.15599	0.207462	0.136435	0.121151
3.02496	7.78807	0.0428869	0.0441822	0.738577	0.0552637	0.0406563	0.0384256	0.0400086
-14.5333	6.9049	0.11246	0.132864	0.133349	0.162497	0.180471	0.155696	0.122662
5.65528	-11.5777	0.103109	0.135005	0.108726	0.132598	0.116349	0.14343	0.260782
-1.44721	10.8182	0.100331	0.116356	0.163386	0.270336	0.117227	0.110085	0.122278
16.2896	-2.61247	0.124138	0.182512	0.14803	0.129557	0.136207	0.12537	0.154187
-17.1681	0.85429	0.110655	0.137612	0.120668	0.160462	0.18819	0.149166	0.133248
-4.95707	2.1715	0.147052	0.0934171	0.0853659	0.17748	0.334241	0.0750652	0.0873787
1.18999	-18.0093	0.11123	0.130701	0.135236	0.131502	0.139237	0.168578	0.183516
13.9819	1.92621	0.116921	0.206014	0.152379	0.12298	0.136221	0.119614	0.145871
-5.91313	14.7993	0.111302	0.122579	0.155675	0.187546	0.150527	0.129198	0.143172
5.66247	-16.3081	0.121732	0.137109	0.135572	0.138903	0.124808	0.157868	0.184008
11.8534	-11.7344	0.111333	0.15937	0.124844	0.143358	0.130098	0.144608	0.18639
-5.46908	-7.57112	0.0411236	0.0423221	0.0385019	0.0394007	0.0477153	0.751686	0.0392509
-11.9594	7.73823	0.117107	0.135247	0.13364	0.178416	0.166016	0.13364	0.135936
9.60152	14.8502	0.110601	0.155963	0.180938	0.148318	0.12844	0.148063	0.127676
11.6923	-7.3994	0.117983	0.170927	0.129165	0.123231	0.13236	0.142629	0.183706
0.246441	14.7618	0.128115	0.131641	0.176305	0.174424	0.128115	0.134697	0.126704
9.71327	1.62215	0.045379	0.710605	0.058012	0.0482048	0.0490359	0.0403091	0.0484541
2.28644	-5.0396	0.082631	0.0536948	0.0427584	0.0520999	0.0430621	0.0659986	0.659755
-9.41525	-5.42001	0.112186	0.119534	0.112545	0.121864	0.20448	0.201613	0.127778
9.45415	-5.46872	0.112315	0.202059	0.124774	0.118996	0.112676	0.119357	0.209823
6.70858	1.32824	0.0503818	0.718832	0.0615143	0.0393206	0.0488832	0.0361807	0.0448869
-11.4912	-11.4923	0.106283	0.123914	0.131115	0.145518	0.159672	0.17631	0.157189
-2.89573	11.6014	0.1032	0.112479	0.149972	0.268699	0.12081	0.118349	0.126491
5.78781	11.655	0.110151	0.134472	0.261105	0.135879	0.115779	0.126432	0.116181
9.64096	-12.9816	0.112624	0.158168	0.137871	0.141089	0.125495	0.143069	0.181683
-3.28714	-11.2596	0.101193	0.109952	0.11722	0.112188	0.114424	0.300969	0.144055
-8.93268	-2.84472	0.0670342	0.0645947	0.0684131	0.0651253	0.568626	0.0968392	0.0693678
6.56202	-1.31444	0.0577388	0.718781	0.042432	0.0388723	0.0422184	0.0375907	0.0623665
0.80392	-17.3095	0.107215	0.138974	0.141768	0.139482	0.132368	0.168445	0.171748
-4.0829	12.1986	0.112515	0.118318	0.14339	0.243887	0.136138	0.121218	0.124534
3.46513	7.6227	0.0413724	0.0409444	0.757258	0.0498609	0.0350239	0.0392325	0.0363079
16.7128	6.56032	0.119111	0.176019	0.155638	0.133933	0.140021	0.13711	0.138168
12.43	9.22161	0.11532	0.17036	0.174649	0.13605	0.135096	0.141291	0.127234
11.5269	-0.110303	0.0783225	0.426303	0.105304	0.0872651	0.0992906	0.0903485	0.113167
5.21866	-2.79767	0.13238	0.289818	0.0837307	0.0861753	0.0957094	0.0781079	0.234079
7.52634	-14.8523	0.110174	0.153846	0.135484	0.142184	0.132258	0.151365	0.17469
-0.936968	13.6909	0.113697	0.121676	0.172207	0.197695	0.1332	0.13187	0.129654
-4.66262	14.1765	0.120156	0.128182	0.150883	0.194909	0.137583	0.121532	0.146755
-10.5326	12.9543	0.110836	0.14059	0.143813	0.184726	0.151004	0.135631	0.1334
2.0291	14.9387	0.120759	0.132859	0.173666	0.162752	0.134045	0.140688	0.135231
-14.116	7.49293	0.113252	0.143469	0.131335	0.167261	0.171068	0.140852	0.132762
-10.0227	3.68695	0.100166	0.109453	0.107629	0.149088	0.310448	0.108789	0.114428
1.6204	-9.86597	0.0819549	0.0935339	0.105263	0.1	0.0968422	0.142406	0.38
17.3175	-5.39684	0.114943	0.175087	0.134991	0.135793	0.144079	0.136595	0.158514
2.35755	16.418	0.122719	0.146214	0.165709	0.171457	0.123219	0.142214	0.128468
11.8811	5.87863	0.119649	0.185146	0.172945	0.133348	0.127568	0.127354	0.13399
-9.33139	-6.94076	0.109918	0.125732	0.121632	0.119289	0.169855	0.234283	0.119289
5.30841	-12.213	0.104082	0.130797	0.113486	0.140415	0.115623	0.155161	0.240436
-2.57677	-15.3561	0.114166	0.128161	0.132826	0.130862	0.142892	0.188804	0.162288
-2.31671	3.64626	0.216359	0.074911	0.0882186	0.358724	0.0923482	0.0726166	0.0968222
-5.76181	-12.2998	0.114628	0.122113	0.134089	0.120402	0.140932	0.230753	0.137083
-15.5995	-2.43262	0.115106	0.142133	0.123311	0.150338	0.195222	0.152751	0.121139
5.41424	-9.04192	0.0472076	0.0632404	0.0457825	0.0495235	0.0518393	0.0540661	0.688341
-2.84595	1.89009	0.424438	0.0719308	0.0750432	0.144899	0.130375	0.0741209	0.0791929
-3.52544	-4.86429	0.0651763	0.0412252	0.0492089	0.0411526	0.0551604	0.699231	0.048846
9.67333	6.25894	0.107958	0.182774	0.216511	0.124826	0.120063	0.124826	0.12304
-1.3091	-3.36099	0.359729	0.0699059	0.0901903	0.0738025	0.088815	0.213385	0.104172
-10.8371	9.35237	0.117809	0.118267	0.143938	0.195508	0.161586	0.128581	0.134311
6.30851	14.4362	0.106647	0.145118	0.193572	0.160701	0.130752	0.139761	0.123448
-5.73081	9.65121	0.0702827	0.0859161	0.0920337	0.487221	0.101142	0.0812944	0.08211
9.03493	-10.9548	0.101785	0.158846	0.135713	0.142322	0.113682	0.137475	0.210178
-8.77888	-14.8569	0.101195	0.123824	0.148996	0.139588	0.154844	0.18027	0.151284
14.8684	2.17704	0.123792	0.186748	0.155388	0.120255	0.142655	0.124027	0.147135
-0.292008	11.4357	0.12039	0.125167	0.182305	0.201414	0.121345	0.121727	0.127651
1.95286	-13.9833	0.117384	0.144937	0.122984	0.141129	0.124104	0.16241	0.187052
11.8825	9.65274	0.127078	0.152494	0.184086	0.147268	0.124703	0.136342	0.128029
-7.17142	0.485231	0.0454984	0.0384086	0.0386839	0.0505231	0.743874	0.0449477	0.0380644
-9.7343	4.04751	0.101012	0.111461	0.109969	0.167192	0.286615	0.104992	0.118759
8.95857	13.0691	0.125971	0.147573	0.191262	0.144417	0.12233	0.13301	0.135437
-2.49463	-17.2621	0.109272	0.127101	0.143912	0.134488	0.142129	0.18161	0.161488
5.49415	10.4338	0.092714	0.111093	0.377584	0.124385	0.0966526	0.101739	0.0958321
-2.30686	-14.1763	0.114148	0.123564	0.134589	0.133211	0.138723	0.184658	0.171107
4.69137	14.6207	0.121823	0.142686	0.184652	0.161391	0.121823	0.139328	0.128297
-8.70405	10.0123	0.116921	0.113156	0.138047	0.227777	0.148295	0.120059	0.135746
14.6025	-9.35494	0.110101	0.163384	0.138384	0.135354	0.142929	0.141162	0.168687
-1.03642	-7.77386	0.0711062	0.0640859	0.0724098	0.0656905	0.0638854	0.531842	0.13098
-2.38774	1.27161	0.648024	0.0495591	0.0480895	0.0762575	0.0831972	0.0484977	0.0463749
-6.38468	4.4291	0.0923674	0.0823405	0.0813966	0.403563	0.181078	0.0743189	0.0849358
12.2347	-6.37834	0.116765	0.193321	0.13562	0.131531	0.126533	0.128805	0.167424
-16.8494	-3.78244	0.112071	0.144802	0.125426	0.140351	0.182509	0.169154	0.125687
-15.3026	-0.0182113	0.117483	0.137683	0.126074	0.152542	0.195031	0.145577	0.12561
-9.84348	-5.05879	0.115018	0.115018	0.113187	0.125641	0.230037	0.189561	0.111539
-8.2343	0.00931151	0.0423635	0.0399447	0.0351071	0.0468556	0.757775	0.0432619	0.0346924
15.2456	-5.02768	0.116392	0.178468	0.1387	0.130213	0.14258	0.125606	0.168041
10.6159	14.3111	0.10815	0.158046	0.18652	0.145768	0.127482	0.142372	0.131661
-12.4692	11.7762	0.111897	0.135893	0.146502	0.17656	0.174539	0.123011	0.131599
-8.4046	1.86941	0.0429535	0.039955	0.035982	0.0601949	0.737406	0.0412294	0.0422789
-6.9685	-14.1215	0.115612	0.130775	0.139777	0.125563	0.149491	0.188818	0.149964
-8.37246	7.25204	0.100565	0.109629	0.116812	0.285959	0.161279	0.109629	0.116128
0.265443	-5.45558	0.157278	0.0864905	0.0857429	0.0945912	0.0813807	0.204636	0.28988
-13.4558	-7.30214	0.117576	0.140753	0.136407	0.132786	0.171656	0.166103	0.134718
-12.9008	8.78391	0.122176	0.128006	0.139665	0.167598	0.16444	0.137236	0.140879
7.45457	-3.00764	0.0734543	0.52979	0.0675371	0.0629464	0.0770251	0.066211	0.123036
10.0314	6.85979	0.116785	0.178433	0.207731	0.123296	0.126144	0.125331	0.122279
-5.89038	-14.8601	0.113569	0.12414	0.136676	0.137168	0.147984	0.184612	0.155851
6.1824	0.368201	0.0562415	0.716937	0.0532439	0.0392549	0.0483192	0.0381129	0.0478909
-3.62372	6.15832	0.0500824	0.034831	0.0435559	0.748351	0.0487772	0.0340066	0.0403957
-14.5372	-6.50562	0.102228	0.14703	0.145297	0.136634	0.171782	0.166832	0.130198
-4.29385	-4.20868	0.0743362	0.0460327	0.0541421	0.0492924	0.0834792	0.641437	0.05128
-7.56939	-13.3079	0.120039	0.124395	0.146418	0.125605	0.136738	0.189497	0.157309
-14.7183	-4.63679	0.110209	0.139237	0.139237	0.137761	0.189176	0.163838	0.120541
-17.6907	-2.27377	0.100232	0.143374	0.131491	0.153965	0.181607	0.16404	0.125291
-12.4073	-0.315282	0.10442	0.119153	0.11105	0.127256	0.297053	0.130939	0.110129
5.78087	-12.9747	0.115929	0.136149	0.123343	0.134352	0.123343	0.156819	0.210065
6.70313	6.53175	0.0523887	0.0728375	0.664043	0.0531125	0.051122	0.053384	0.0531125
6.5315	14.4422	0.114133	0.139874	0.194755	0.158087	0.128946	0.136231	0.127975
-5.76345	13.5251	0.107605	0.132804	0.162316	0.195006	0.142792	0.11941	0.140068
-9.22326	13.1394	0.10877	0.130083	0.147722	0.191328	0.157766	0.125429	0.138902
-14.1699	-1.23545	0.109018	0.132122	0.131225	0.14087	0.217811	0.146927	0.122028
-17.7149	-0.854628	0.120129	0.142435	0.130073	0.152647	0.177909	0.151841	0.124966
-10.512	-6.45506	0.117149	0.131529	0.125396	0.127511	0.175936	0.192853	0.129626
-13.8589	4.88059	0.119635	0.129452	0.13105	0.153881	0.196804	0.147489	0.121689
9.06903	3.97713	0.093716	0.314507	0.174399	0.099302	0.105508	0.104732	0.107835
7.65766	12.0896	0.120686	0.150857	0.202286	0.141714	0.121143	0.138286	0.125029
7.35135	-9.66911	0.10103	0.135443	0.107287	0.121274	0.104527	0.122746	0.307692
-2.14969	-13.4693	0.123279	0.124153	0.133115	0.126776	0.142295	0.193224	0.157158
-11.352	3.62158	0.10815	0.115988	0.11873	0.157523	0.263715	0.124216	0.111677
6.68557	10.6905	0.109296	0.129327	0.289382	0.136523	0.106573	0.122715	0.106184
-13.7506	3.1357	0.117294	0.133541	0.121522	0.156243	0.207434	0.140218	0.123748
-8.17573	-14.1173	0.121743	0.120282	0.13684	0.125396	0.149988	0.193328	0.152423
-9.93113	-1.29052	0.0445313	0.0447811	0.0460297	0.0466955	0.721242	0.0551856	0.0415349
-0.0269875	-17.9003	0.119484	0.135226	0.133677	0.140387	0.138323	0.163613	0.16929
-13.4296	5.00552	0.116935	0.141393	0.12928	0.155835	0.19986	0.138132	0.118565
8.44498	-15.1623	0.108509	0.156388	0.125423	0.138173	0.137653	0.149102	0.184752
4.87764	12.3791	0.116638	0.137436	0.23006	0.147084	0.125	0.134863	0.108919
-5.90628	6.56397	0.0415608	0.0443265	0.043878	0.727463	0.0614441	0.041187	0.0401405
16.4811	-3.75583	0.109231	0.182051	0.140769	0.138718	0.140513	0.13	0.158718
-11.9553	13.3214	0.106967	0.127946	0.149184	0.178192	0.157731	0.125874	0.154105
8.93639	6.38583	0.103856	0.177399	0.245202	0.110493	0.120897	0.119821	0.122332
-2.10008	5.62336	0.0664618	0.0415106	0.0625655	0.687772	0.0521505	0.0413607	0.0481792
10.179	13.7512	0.113784	0.15614	0.175188	0.145113	0.127068	0.150877	0.13183
3.11642	-15.5624	0.117404	0.135877	0.124696	0.127613	0.136364	0.168935	0.18911
15.685	6.05304	0.119829	0.174731	0.164954	0.124843	0.138882	0.132364	0.144397
2.72331	12.7657	0.120177	0.131351	0.211891	0.154333	0.1284	0.131773	0.122075
11.1844	0.801939	0.0743359	0.481628	0.101753	0.0808365	0.0864893	0.0821084	0.0928492
-8.99293	-12.5738	0.0967665	0.125749	0.138443	0.127186	0.162156	0.20503	0.144671
-16.7749	1.47338	0.115443	0.142785	0.127089	0.150633	0.183038	0.151139	0.129874
-15.1796	6.72645	0.11316	0.150548	0.12986	0.160768	0.167498	0.136839	0.141326
2.37137	-2.41589	0.42277	0.109236	0.0698615	0.085049	0.0685115	0.076274	0.168298
-5.79958	15.6562	0.119184	0.120179	0.15377	0.182384	0.148544	0.126648	0.149291
14.5469	4.82882	0.115956	0.178647	0.173698	0.129389	0.13481	0.125383	0.142116
-0.446612	14.7088	0.126977	0.127685	0.17182	0.172528	0.138541	0.132877	0.129573
4.99249	15.0435	0.121795	0.135108	0.180966	0.156065	0.125986	0.146696	0.133383
6.82179	2.31934	0.057047	0.660035	0.0896453	0.0425855	0.0529722	0.0472994	0.0504155
0.70188	-6.70763	0.0885167	0.0687508	0.0721882	0.0851862	0.0744441	0.157912	0.453002
-1.82534	1.35446	0.701829	0.0406964	0.0437082	0.0654522	0.0616322	0.043194	0.0434879
-15.7799	6.1029	0.10844	0.143734	0.136573	0.172379	0.170844	0.138619	0.129412
-1.95862	16.932	0.113875	0.131059	0.159784	0.180046	0.136445	0.13901	0.139779
15.6113	-9.28571	0.117365	0.173913	0.13577	0.140037	0.125634	0.145372	0.16191
9.74749	-2.99278	0.076096	0.434236	0.091874	0.0896398	0.0889416	0.0906173	0.128595
6.4486	-2.94025	0.0927666	0.436263	0.0730889	0.0764407	0.0843336	0.0765489	0.160558
-11.2717	11.3826	0.114502	0.128223	0.142891	0.184055	0.158268	0.134611	0.13745
-16.4236	7.45055	0.121583	0.140588	0.124707	0.168966	0.167404	0.136162	0.140588
7.06577	1.41305	0.0455355	0.728497	0.0602152	0.0379106	0.0428989	0.0399059	0.0450367
8.32279	9.26987	0.102095	0.150295	0.26988	0.122839	0.116128	0.120602	0.118162
1.01639	-8.75271	0.0881864	0.0862665	0.0867786	0.095098	0.0830665	0.153846	0.406758
-4.70462	16.387	0.122721	0.136072	0.156098	0.173813	0.145314	0.128113	0.137869
-7.52866	5.00629	0.102096	0.100821	0.0969981	0.308411	0.191872	0.098839	0.100963
-7.32119	-15.3859	0.112426	0.13275	0.140983	0.128634	0.152817	0.176486	0.155904
-11.9931	-3.45116	0.110174	0.123505	0.125858	0.127622	0.25348	0.150755	0.108606
9.33147	-10.9496	0.110679	0.144295	0.125772	0.140407	0.126	0.140636	0.212211
-5.43322	5.48711	0.0482327	0.0425626	0.0443299	0.714065	0.0686303	0.0394698	0.0427099
-13.6982	4.46998	0.122945	0.14031	0.11762	0.161612	0.196573	0.131512	0.129428
2.95722	-4.3959	0.0963016	0.0605844	0.0463293	0.0597925	0.0428447	0.0551992	0.638948
11.0769	-0.879828	0.0740389	0.5015	0.0846742	0.0804471	0.0830378	0.0824927	0.0938095
-9.04206	10.0471	0.118225	0.118007	0.140953	0.22028	0.139423	0.129589	0.133523
-9.26692	8.01183	0.111778	0.116777	0.126175	0.229354	0.160768	0.126175	0.128974
7.76391	-4.57289	0.100176	0.242424	0.100324	0.105031	0.0988527	0.097823	0.255369
-9.92658	2.65769	0.0717452	0.0767024	0.0785284	0.11401	0.479651	0.0862249	0.0931386
3.10137	-10.8499	0.0998962	0.109056	0.1056	0.113377	0.0959211	0.132043	0.344107
-3.5209	-13.0407	0.11519	0.121345	0.143548	0.123104	0.138932	0.20466	0.15322
1.14552	-0.458361	0.745437	0.049033	0.0403841	0.0408608	0.0359575	0.0394988	0.0488287
8.37657	9.46604	0.107236	0.139306	0.266186	0.133293	0.110243	0.13169	0.112047
-16.5826	0.475154	0.114665	0.133858	0.130167	0.151083	0.18061	0.155266	0.13435
-6.76553	8.31296	0.0693241	0.0783712	0.0813057	0.520846	0.0949992	0.0771488	0.0780046
8.56227	9.00489	0.110846	0.151642	0.256915	0.124378	0.119801	0.12398	0.112438
-5.05545	11.3153	0.0988405	0.104923	0.135146	0.311348	0.128493	0.104543	0.116708
-13.541	11.8538	0.120021	0.126879	0.138222	0.17225	0.172514	0.139013	0.1311
-4.62463	4.94376	0.0541406	0.0383496	0.047082	0.704192	0.0692039	0.0387134	0.048319
0.900846	-10.1161	0.0982696	0.103004	0.110839	0.115573	0.106268	0.182011	0.284035
-11.3966	9.10683	0.117688	0.131452	0.141776	0.183987	0.160358	0.131452	0.133287
8.30165	13.1675	0.126442	0.150721	0.178365	0.144231	0.125721	0.146154	0.128365
-11.2128	6.83349	0.112114	0.12489	0.130396	0.189207	0.180396	0.13304	0.129956
12.5519	-12.2777	0.113607	0.150625	0.136074	0.14169	0.126883	0.146541	0.18458
-6.25895	12.88	0.114241	0.121842	0.153141	0.213056	0.144646	0.118712	0.134362
2.44621	13.7537	0.115308	0.132759	0.19218	0.159708	0.135631	0.140049	0.124365
5.01361	-3.7348	0.106095	0.164141	0.0682577	0.0786841	0.0715899	0.0719124	0.439321
1.06414	11.0243	0.107543	0.123142	0.240044	0.169389	0.12094	0.120756	0.118187
-15.2327	-9.35212	0.107218	0.135932	0.146733	0.146733	0.162276	0.162013	0.139094
-7.21234	-6.33908	0.0794327	0.0826956	0.076421	0.0836994	0.111055	0.480487	0.086209
0.22592	-0.970713	0.752481	0.0403697	0.0388066	0.0396221	0.0394182	0.0415931	0.0477097
1.97246	9.41358	0.0688025	0.0821501	0.497876	0.110545	0.0804513	0.0799659	0.0802089
1.54284	0.231651	0.739888	0.0575869	0.04489	0.0385069	0.0397558	0.0380212	0.0413516
8.92864	-9.77735	0.116723	0.144312	0.122878	0.133913	0.123939	0.134338	0.223896
15.0835	7.48105	0.107569	0.173147	0.161224	0.138673	0.143079	0.135562	0.140746
16.8971	4.97409	0.116114	0.175092	0.153765	0.136914	0.137178	0.137441	0.143497
16.0783	3.87767	0.111084	0.187608	0.150333	0.130338	0.143668	0.129844	0.147124
-4.23563	-10.471	0.0843716	0.0897763	0.100586	0.0939797	0.0978831	0.414502	0.118901
3.63591	11.73	0.105353	0.12993	0.26005	0.152029	0.111259	0.128215	0.113164
5.43807	10.9009	0.0991221	0.118508	0.331748	0.122714	0.106437	0.110461	0.11101
10.4696	12.262	0.113631	0.155368	0.187455	0.138963	0.13655	0.139686	0.128347
-3.04628	0.817274	0.495634	0.0723165	0.0651258	0.0972776	0.133128	0.0751927	0.0613253
16.3298	-0.625687	0.1125	0.183333	0.148774	0.128677	0.145343	0.128431	0.152941
10.3871	1.90022	0.0662547	0.537791	0.090843	0.0804266	0.0766717	0.0679504	0.080063
4.34768	-3.51704	0.127427	0.148811	0.0758238	0.0871701	0.0782239	0.0703686	0.412175
-13.8911	-6.33702	0.115876	0.141171	0.119489	0.134907	0.181643	0.16743	0.139485
-2.27577	-17.3078	0.114642	0.142857	0.133452	0.127351	0.151246	0.171073	0.15938
-3.19509	15.9158	0.119563	0.1392	0.155108	0.183197	0.137708	0.131494	0.133731
-8.69359	11.191	0.115717	0.123476	0.142097	0.204389	0.152516	0.124584	0.13722
15.8627	-3.56383	0.119759	0.175245	0.1411	0.130555	0.136831	0.127291	0.169219
1.34444	12.9707	0.122094	0.129215	0.198743	0.170052	0.128167	0.125445	0.126283
1.05637	8.2326	0.0819493	0.0741971	0.482281	0.136766	0.069435	0.0806201	0.0747507
4.61481	-1.9781	0.174908	0.309669	0.0876377	0.0840883	0.0881273	0.085557	0.170012
4.91675	-9.28852	0.047126	0.051678	0.0534631	0.0518565	0.0510532	0.0562299	0.688593
-14.8376	5.33706	0.129594	0.130803	0.133462	0.152805	0.176741	0.145309	0.131286
11.9006	11.46	0.115038	0.164662	0.182205	0.14386	0.127068	0.13985	0.127318
-9.19628	3.49769	0.0939677	0.0990429	0.0944024	0.145737	0.382686	0.0907772	0.0933875
-15.9754	3.63116	0.118755	0.144866	0.124529	0.144112	0.179764	0.160181	0.127793
5.28378	-6.20346	0.0404893	0.057658	0.0387724	0.0376278	0.0370555	0.0437084	0.744688
7.67516	-11.0437	0.114713	0.141313	0.112219	0.136534	0.126766	0.139859	0.228595
-3.1142	-17.9215	0.117919	0.139706	0.139161	0.134259	0.133442	0.178649	0.156863
5.99753	10.3443	0.0959543	0.121369	0.352524	0.125865	0.100795	0.112725	0.0907676
9.71363	0.326233	0.0384353	0.747631	0.0454856	0.0411644	0.0385111	0.0437419	0.0450307
-6.20689	-15.7343	0.108335	0.125924	0.140454	0.134081	0.147591	0.188376	0.155238
-4.84753	-7.8486	0.0356214	0.0382226	0.0403901	0.0429914	0.0428468	0.758237	0.0416908
-4.74165	-1.91858	0.173201	0.0886772	0.0817149	0.0785391	0.337486	0.162819	0.0775621
2.24276	11.2365	0.107546	0.111739	0.27233	0.152752	0.121947	0.115385	0.118301
-0.415261	0.198752	0.752892	0.0402207	0.0402207	0.0417497	0.0446749	0.0405531	0.0396889
7.35592	-10.07	0.102115	0.138654	0.106346	0.124039	0.103269	0.128461	0.297115
-9.09748	11.5366	0.126405	0.123882	0.144299	0.203258	0.14774	0.129846	0.12457
9.73029	0.946697	0.037958	0.735611	0.0520567	0.0415214	0.0415214	0.0461694	0.0451623
9.96802	11.6218	0.121156	0.15424	0.196878	0.151678	0.116729	0.137232	0.122088
-6.54739	-2.4918	0.0626279	0.061861	0.0508691	0.0509543	0.615968	0.105999	0.0517212
11.2852	11.7382	0.117348	0.153641	0.183886	0.143963	0.133317	0.148802	0.119042
-3.17125	4.76379	0.0757886	0.0396297	0.0519236	0.685348	0.0562626	0.0409314	0.0501157
-6.8044	4.64692	0.091691	0.091438	0.0877705	0.376502	0.189705	0.0747439	0.0881496
1.06154	14.5367	0.122635	0.13485	0.172934	0.171258	0.129581	0.128383	0.140359
3.59741	-3.86921	0.105722	0.0859985	0.0610339	0.0670752	0.0562367	0.0564144	0.56752
-0.218449	13.0293	0.120093	0.130278	0.178018	0.192659	0.119881	0.130914	0.128156
11.0249	13.8509	0.119097	0.14686	0.174364	0.15205	0.141671	0.134665	0.131292
13.4396	10.3863	0.11244	0.16637	0.169168	0.147545	0.130247	0.141949	0.132282
-7.36236	4.58736	0.0977128	0.0997429	0.0918934	0.288808	0.226282	0.0922994	0.103262
-2.42949	7.04737	0.0482568	0.0376984	0.0590278	0.731647	0.0418792	0.0402494	0.0412415
14.1349	11.0641	0.108374	0.171377	0.17008	0.146228	0.134561	0.138709	0.130671
5.18798	-1.39048	0.110341	0.532222	0.0590107	0.0590107	0.0710942	0.0610714	0.10725
8.04387	2.61073	0.0495627	0.671303	0.0859644	0.0494794	0.0482299	0.0478967	0.0475635
8.93456	3.17429	0.0762398	0.467588	0.123303	0.0827098	0.0827098	0.0863884	0.0810607
4.38598	5.80615	0.0451684	0.0543681	0.74227	0.0431625	0.0390814	0.0417099	0.0342394
8.58437	9.48232	0.110975	0.148849	0.245978	0.134189	0.111383	0.131745	0.116881
-9.18112	-8.22932	0.121727	0.123681	0.128957	0.120164	0.145174	0.226846	0.133451
12.7914	1.58834	0.10935	0.269106	0.134146	0.114024	0.129878	0.112398	0.131098
-15.0608	9.45609	0.104497	0.130952	0.147884	0.17328	0.177249	0.132804	0.133333
3.12513	-7.83679	0.0416221	0.0404084	0.0379096	0.0410509	0.0376955	0.0540444	0.747269
6.53578	2.14022	0.0578714	0.666114	0.08511	0.0478446	0.0503711	0.0438181	0.048871
-4.43863	-5.70938	0.0446397	0.0379614	0.0397188	0.0355009	0.0546221	0.743339	0.0442179
3.20563	8.1365	0.0388161	0.0409765	0.750252	0.0519228	0.038528	0.0401124	0.0393922
11.3905	-0.252175	0.0791907	0.454612	0.0992814	0.0922422	0.091949	0.0813901	0.101334
0.482176	16.7471	0.126915	0.135087	0.168539	0.163943	0.13049	0.143769	0.131256
-7.50002	-14.5676	0.115539	0.125815	0.142356	0.123308	0.155138	0.186216	0.151629
17.3282	3.26644	0.108896	0.180982	0.163088	0.127301	0.13957	0.129857	0.150307
-14.7536	-0.52576	0.117138	0.139015	0.121924	0.148131	0.213081	0.142434	0.118277
-6.00057	-10.8585	0.107537	0.109926	0.115441	0.104228	0.120588	0.313971	0.128309
-3.54473	9.46001	0.0488625	0.0512525	0.0607241	0.697088	0.0514296	0.0456758	0.0449677
4.76076	-16.1614	0.104807	0.141477	0.141724	0.133796	0.126611	0.167245	0.184341
-12.0212	7.30017	0.120836	0.129106	0.13462	0.177119	0.17643	0.129566	0.132323
0.7067	-12.523	0.119651	0.123598	0.123598	0.130453	0.135646	0.173037	0.194017
-4.33037	-11.4423	0.101833	0.116191	0.125638	0.116002	0.119781	0.291895	0.128661
-4.69356	15.0972	0.108842	0.120135	0.167708	0.173715	0.150168	0.13407	0.145363
-8.13288	-2.54739	0.0517556	0.04894	0.0501822	0.0476979	0.674644	0.0799932	0.046787
8.28565	-1.18072	0.0400903	0.749365	0.0409373	0.038961	0.0391022	0.038467	0.0530774
2.83527	10.0351	0.0719904	0.0931878	0.455673	0.114251	0.0921211	0.0885217	0.0842552
-7.75798	1.28885	0.0426028	0.0406246	0.0396354	0.0548255	0.739508	0.0451462	0.0376572
12.307	7.43033	0.115296	0.182532	0.162893	0.139325	0.131932	0.130314	0.137708
-9.18198	0.450037	0.0367315	0.0402468	0.0359424	0.0469905	0.756726	0.0427577	0.0406055
4.4108	-0.840338	0.198518	0.357874	0.078443	0.0782076	0.101611	0.0724451	0.112901
-11.302	-6.91894	0.120656	0.126484	0.130369	0.128426	0.17548	0.188215	0.130369
10.3732	10.8423	0.11884	0.149493	0.195237	0.146899	0.125914	0.133931	0.129686
15.438	-8.24232	0.122042	0.175751	0.14092	0.132146	0.134805	0.137198	0.157139
1.37088	-14.3126	0.127625	0.132472	0.12901	0.14355	0.121394	0.168705	0.177244
9.31118	-0.830094	0.0368487	0.754588	0.043113	0.0419338	0.0395755	0.0396492	0.0442921
6.9758	14.5002	0.114586	0.148111	0.188141	0.156617	0.126845	0.138854	0.126845
-4.85167	-11.475	0.109975	0.111133	0.125217	0.107081	0.127918	0.28169	0.136986
-3.17855	2.96414	0.241234	0.0829016	0.0891674	0.277985	0.139655	0.0747077	0.0943488
0.27329	-12.738	0.114528	0.131919	0.129799	0.12789	0.124708	0.178791	0.192365
17.1366	4.75308	0.104663	0.181505	0.146794	0.133545	0.150503	0.13222	0.150768
15.2995	1.69849	0.121403	0.199275	0.154534	0.130351	0.12503	0.130593	0.138815
2.83696	0.0397713	0.621558	0.10661	0.061979	0.0460632	0.0601264	0.0432842	0.060379
0.520776	-6.47433	0.100854	0.0796813	0.0774047	0.0848037	0.0788843	0.187137	0.391235
-4.24729	-7.3158	0.037724	0.036957	0.043163	0.0354926	0.0456035	0.757339	0.0437208
-14.6617	-3.81106	0.116877	0.140987	0.120781	0.125832	0.198622	0.165786	0.131114
-5.68035	-7.69328	0.039863	0.0436668	0.0419931	0.0420692	0.0534043	0.737695	0.0413085
-3.10057	-12.0657	0.107379	0.126775	0.123175	0.118176	0.128174	0.24975	0.146571
-6.62678	-14.5774	0.122152	0.130635	0.141057	0.118274	0.146874	0.18444	0.156568
-14.6344	-6.20151	0.121088	0.144439	0.124699	0.130477	0.173808	0.170438	0.13505
-14.6797	-2.98704	0.126502	0.151893	0.123328	0.133303	0.176604	0.160281	0.128089
10.9915	-6.06519	0.112201	0.18942	0.137799	0.126493	0.127773	0.133959	0.172355
1.88516	1.33374	0.695684	0.0616746	0.0672814	0.0430837	0.0431575	0.0443379	0.0447805
2.88513	5.68917	0.0594633	0.0478913	0.721297	0.0514465	0.0378529	0.0448937	0.0371558
-11.4619	4.44996	0.118999	0.130797	0.119406	0.163344	0.226404	0.120016	0.121033
-11.7532	11.1212	0.12497	0.125937	0.140198	0.171622	0.164129	0.12787	0.145274
-2.001	-14.8134	0.11722	0.125409	0.132195	0.127749	0.151614	0.173608	0.172204
4.58468	-6.5302	0.0391566	0.0503642	0.036775	0.0381059	0.0378258	0.0457411	0.752031
1.03752	-13.878	0.123105	0.133062	0.133288	0.127178	0.12831	0.166327	0.18873
0.351314	-4.31523	0.248075	0.0904345	0.0871721	0.0880855	0.0889992	0.170429	0.226804
11.7384	0.128819	0.0887556	0.390557	0.11926	0.0980043	0.104657	0.0892422	0.109525
10.6483	-13.3906	0.115861	0.146471	0.123703	0.142423	0.134075	0.152036	0.185429
12.8291	-12.6338	0.123208	0.152947	0.134095	0.14923	0.119756	0.137281	0.183484
3.86461	9.51697	0.0457184	0.0560764	0.69274	0.0583981	0.0461648	0.0491116	0.0517903
-10.3462	7.38132	0.117203	0.116339	0.131017	0.189726	0.164688	0.140945	0.140082
1.22217	-3.75256	0.289751	0.0901153	0.0787144	0.094239	0.0789569	0.111462	0.256762
-12.5606	-12.6574	0.119808	0.131523	0.142173	0.132055	0.166134	0.172524	0.135783
2.22819	-8.46839	0.0442443	0.044882	0.0460778	0.0463967	0.0421715	0.0702328	0.705995
12.2895	7.52154	0.114279	0.169993	0.166265	0.143014	0.13775	0.136872	0.131827
9.16949	4.36627	0.105894	0.270887	0.192843	0.10638	0.110589	0.111561	0.101846
-8.28367	-12.4818	0.112375	0.11374	0.136715	0.125114	0.158098	0.201547	0.152411
8.61542	-8.50934	0.10708	0.151161	0.118003	0.111956	0.115662	0.130096	0.266042
1.19568	7.14077	0.0590741	0.0528472	0.630561	0.0979104	0.0525195	0.0551413	0.051946
16.1647	2.0922	0.11209	0.186001	0.156388	0.124572	0.150269	0.124572	0.146109
6.69572	-3.49939	0.101153	0.333209	0.0789636	0.0876411	0.0901201	0.0865255	0.222388
5.57398	15.2197	0.114627	0.147271	0.183902	0.154249	0.130576	0.154249	0.115126
-7.41813	-12.5669	0.111572	0.123098	0.137621	0.12379	0.142462	0.20816	0.153296
7.69707	8.67573	0.092805	0.13521	0.331943	0.112443	0.111922	0.11227	0.103406
